function [xb,yb] = build_tool_boundary()

    xb = [ ...
        0.00000;
        0.00050;
        0.00600;
        0.01200;
        0.01180;
        0.01150;
        0.01120;
        0.00600;
        0.00078;
        0.00052;
        0.00026
    ];

    yb = [ ...
         0.00000;
         0.00000;
         0.00000;
         0.00000;
        -0.00130;
        -0.00270;
        -0.00400;
        -0.00400;
        -0.00400;
        -0.00260;
        -0.00130
    ];

end